	num_train_lines		=   4     
	starting_point  =			(			3128	,				539					)    
    destination_point		=					(		2299					, 5906					) 
  average_train_speed  = 265     
 train_line_name = "Jhansi"				
   train_line_stations =				(  6630  , 2552				)			(   9704     ,    7228     )     (	2012	,			4785  )     (  4918		,				7155  )  (     3060   ,	216				)  ( 3605    ,			7371   )			(					7928				,			1944  )					( 5565	,   816			)  (		7749			,     2605		)			( 4188 ,	6755	) (     5927					,					5481					)	(	3087 ,  7594	)	(    6964   ,  853 )			(					6165    ,    1430	)   (  6331     ,			3733     ) (   6833 ,		2677 )				(		2542  ,     1551    )	(     6785     ,    3353			)    (	8302				,  7917	)  (   5118  ,  761  )    (     2695 ,   5505				) (		4995     ,    1383     )					(			28  ,   1865				)		( 1232    ,    9938	)		(    7747     ,				7363     )					(   3857			,  8060		)    (   2164					,	306   )		(	3339					, 1375     ) (				6814    ,					4257    )    (		679					,	6651   )     (			3451    ,		5719 )   (					995	,				4163  )			(	1733	,   9164 )   (		2084				,     5497				) (    7881   ,				972	)   ( 4304		,		2119    )   (			5323			,				4970     )				(				3404					,     4944   )   		
    train_line_name   = "Mandya"				
		train_line_stations   =		(				1274    ,  2038		)		(     2481     ,     6821  )			(				9045   ,  6018	)			(				5332    , 1580					)    (					5566					,  9457			)			(  6278    ,			3679 )			(				9454  ,		2065			)				(    9817			,   9969					)		(	6345  ,    3706					)			( 4117   ,					390  )   ( 9587     ,  3559  )			(  441   ,	8467					)			(		867				,				9765   )					( 1638					,     4595   )				(    9768	,  2090 ) ( 7128					,     1916     )				(     8250				,     7464		)  (   3254 ,					7138     )     ( 8258				,	18		)				(  4093     ,    9498 )  (				139				,     6382 )   (	8200			,			5137   ) ( 250			,					1884	)				(				4435			,	3470					)    (			4637	,     6086		)		(  9199     ,   2374				)			(     2881   ,	6696 )				(	7976	,				751		)	(     694 ,		3681		)		(					7782   ,   8855				)		(  7942			, 8602					) ( 2353    ,   917  )	(		3620    ,     8855				)				(    72			,     3855     )	(			6162   ,				4604		)	(	3508			,		4910  )     (     3206  ,     4706	)  ( 8600   ,	1983			)   				
 train_line_name	=     "Piriyapatna"    
    train_line_stations     =   (    1501 ,     2347    )					(				3276					,    1228			)     (     1264					,   4818  )	(				5211 ,				7803					)		(  3622 ,	1557				) ( 9769					,     53					) (	8570     ,  7815					)		(     6601    ,					3929	) (			9758	,    7266	) (				4845   ,	1473   )					(			7825					,	490	)	(    5423     ,   8310				)			(		7693     ,		504				)     (		9296  ,	128    ) (		8164    ,	2693				)	(    4016				,  512	)					(					6892   ,			3109   )  (    7437  ,					6530			)		(  2472   ,			7574   )     (			8159			,			8893	)    (	746 ,		2153   )			(				7715			, 1597    )     ( 1781    ,    6368     )					(				6231 , 6147		)  (			984   ,   7401 )			(  1030   ,			2330		)     ( 152					,     7898	)	(   531    ,    1901					)			(     7484    ,    5005  )    ( 2299     ,				2216 )					(	3423		,			1550   )		(	1414     ,				2621					)			(	5345    ,					7619  )     (		367     ,   9112				)			(		6751	,   6667    )    (			1716   ,    6228		)			(    1813     ,   746				)		(					8832  ,   5983			)  			
			train_line_name    =			"Pusad"  
 train_line_stations    =				(   8161     ,			3716   )				( 6311     ,					203 )					(	5386	,				1047   )    (   9682	,				9751   )    (     4897  ,    175    )		(		2588   ,  8862	) (					2630					,	8116			)		(    5707	, 6382 ) (   3470		,			3286		)   ( 339		,     3036			)	(  2707 ,    4812   ) (		3400    ,	7925   )		(			9741  ,					3513 )		(				4898   ,    3224    )			(		5152  , 6160				)		(		5254   ,		8563	)	(			6086     , 8874     )				(		2451 ,	6395  )     (					894 ,			4038		)	(		9161				,				8144	) (    2437				,  3824 )			(  3057	,  6256    )				(				8852		,     9172	) (     601   ,   2586   )   (				3337	,	3925			)     (				5231		,     2086	) (     683		, 185			)		(		224  ,    1139   )   (     9321		,					5239     )					(					1617			,		593  )				( 4946   ,		2709		)		(		7006	,   3905  )    (    10 ,					8267			) (					8993		,	2314  )		( 4059  ,				1531	) ( 1253		,   6669 )   (     922 , 1061   ) (				2139	,				2282	)							
